Table Info: 
Mountain Range
Total Number of Grid cells
Array: Percent of each type of Grid cell (rain dominant, transient, snow dominant) for each time period, normalized to 1. 
Across: SD, TR, RD
Down: Historical, 2010-2039, 2040-2069, 2070-2099 

California
1545
rcp45
[[ 0.08  0.92  0.01]
 [ 0.04  0.93  0.03]
 [ 0.02  0.89  0.09]
 [ 0.01  0.86  0.13]]
 
 rcp85
[[ 0.08  0.92  0.01]
 [ 0.03  0.92  0.04]
 [ 0.01  0.87  0.13]
 [ 0.    0.7   0.3 ]]
 
 cascades
 2579
 rcp45 
 [[ 0.09  0.91  0.  ]
 [ 0.06  0.94  0.  ]
 [ 0.03  0.94  0.03]
 [ 0.02  0.91  0.07]]
 rcp85
[[ 0.09  0.91  0.  ]
 [ 0.05  0.95  0.  ]
 [ 0.02  0.91  0.07]
 [ 0.    0.78  0.22]]
 
 northernrockies 
 7864
 rcp45
 [[ 0.55  0.45  0.  ]
 [ 0.38  0.62  0.  ]
 [ 0.23  0.77  0.  ]
 [ 0.17  0.83  0.  ]]
 
 rcp85
[[ 0.55  0.45  0.  ]
 [ 0.35  0.65  0.  ]
 [ 0.17  0.83  0.  ]
 [ 0.04  0.95  0.01]]
 
 southernrockies
 3309
 rcp45
 [[ 0.6   0.4   0.  ]
 [ 0.42  0.58  0.  ]
 [ 0.28  0.72  0.  ]
 [ 0.22  0.78  0.  ]]
 
 rcp85
[[ 0.6   0.4   0.  ]
 [ 0.4   0.6   0.  ]
 [ 0.21  0.79  0.  ]
 [ 0.05  0.95  0.01]]
 
 white mountains
 99
 rcp45
 [[ 0.  1.  0.]
 [ 0.  1.  0.]
 [ 0.  1.  0.]
 [ 0.  1.  0.]]
 
 rcp85
[[ 0.   1.   0. ]
 [ 0.   1.   0. ]
 [ 0.   1.   0. ]
 [ 0.   0.7  0.3]]
 
 